0.00 0.00 0.00
0.00 -10.00 0.00
0.00 -20.00 0.00
0.00 -30.00 0.00
0.00 -40.00 0.00
0.00 -50.00 0.00
0.00 -60.00 0.00
0.00 -70.00 0.00
0.00 -80.00 0.00
0.00 -90.00 0.00
0.00 -100.00 0.00
0.00 -110.00 0.00
0.00 -120.00 0.00
0.00 -130.00 0.00
0.00 -140.00 0.00
0.00 -150.00 0.00
0.00 -160.00 0.00
0.00 -170.00 0.00
0.00 -180.00 0.00
0.00 -190.00 0.00
0.00 -200.00 0.00
0.00 -210.00 0.00
0.00 -220.00 0.00
0.00 -230.00 0.00
0.00 -240.00 0.00
0.00 -250.00 0.00
0.00 -260.00 0.00
0.00 -270.00 0.00
0.00 -280.00 0.00
0.00 -290.00 0.00
0.00 -300.00 0.00
0.00 -310.00 0.00
0.00 -320.00 0.00
0.00 -330.00 0.00
0.00 -340.00 0.00
0.00 -350.00 0.00
0.00 -360.00 0.00
-30.00 -360.00 0.00
-30.00 -369.96 0.00
-30.00 -379.96 0.00
-30.00 -389.96 0.00
-30.00 -399.96 0.00
-30.00 -409.96 0.00
-30.00 -419.96 0.00
-30.00 -429.96 0.00
-30.00 -439.96 0.00
-30.00 -449.96 0.00
-30.00 -459.96 0.00
-30.00 -469.96 0.00
-30.00 -479.96 0.00
-30.00 -489.96 0.00
-30.00 -499.96 0.00
-30.00 -509.96 0.00
-30.00 -519.96 0.00
-30.00 -529.96 0.00
-30.00 -539.96 0.00
-30.00 -549.96 0.00
-30.00 -559.96 0.00
-30.00 -569.96 0.00
-30.00 -579.96 0.00
-30.00 -589.96 0.00
-30.00 -599.96 0.00
-30.00 -609.96 0.00
-30.00 -619.96 0.00
-30.00 -629.96 0.00
-30.00 -639.96 0.00
-30.00 -649.96 0.00
-30.00 -659.96 0.00
-30.00 -669.96 0.00
-30.00 -679.96 0.00
-30.00 -689.96 0.00
-30.00 -699.96 0.00
-30.00 -709.96 0.00
-30.00 -719.96 0.00
-60.00 -719.96 0.00